+14105547746, 0.02
+14105542833, 0.02
+14105548067, 0.02
+14105542066, 0.02
+14105545923, 0.02
+14105544447, 0.02
+14105543957, 0.02
+14105544887, 0.02
+14105546022, 0.02
+14105543494, 0.02
+14105544869, 0.02
+14105548905, 0.02
+14105541338, 0.02
+14105541396, 0.02
+14105548390, 0.02
+14105544283, 0.02
+14105543133, 0.02
+14105543844, 0.02
+14105547240, 0.02
+14105545585, 0.02
+14102081553, 0.02
+14102088277, 0.02
+14102087212, 0.02
+14102083438, 0.02
+14102084836, 0.02
+14102086817, 0.02
+14102089611, 0.02
+14102087876, 0.02
+14102088440, 0.02
+14102082856, 0.02
+14102089440, 0.02
+14102088668, 0.02
+14102082394, 0.02
+14102085840, 0.02
+14102083930, 0.02
+14102086198, 0.02
+14102081445, 0.02
+14102086308, 0.02
+14102081181, 0.02
+14102083330, 0.02
+14104138977, 0.03
+14104132615, 0.03
+14104133526, 0.03
+14104134203, 0.03
+14104132999, 0.03
+14104135547, 0.03
+14104131179, 0.03
+14104133948, 0.03
+14104138884, 0.03
+14104132719, 0.03
+14104132493, 0.03
+14104131912, 0.03
+14104136763, 0.03
+14104131995, 0.03
+14104138598, 0.03
+14104131187, 0.03
+14104132414, 0.03
+14104135032, 0.03
+14104132469, 0.03
+14104139199, 0.03
+14107928191, 0.03
+14107928293, 0.03
+14107924099, 0.03
+14107924171, 0.03
+14107925240, 0.03
+14107925464, 0.03
+14107926985, 0.03
+14107926191, 0.03
+14107928002, 0.03
+14107922261, 0.03
+14107929417, 0.03
+14107924937, 0.03
+14107924187, 0.03
+14107921140, 0.03
+14107929913, 0.03
+14107921680, 0.03
+14107923178, 0.03
+14107922475, 0.03
+14107921580, 0.03
+14107924115, 0.03
+14103814667, 0.02
+14103819439, 0.02
+14103818270, 0.02
+14103815283, 0.02
+14103817327, 0.02
+14103817220, 0.02
+14103819128, 0.02
+14103814292, 0.02
+14103813836, 0.02
+14103818266, 0.02
+14103815893, 0.02
+14103815077, 0.02
+14103812229, 0.02
+14103812192, 0.02
+14103813288, 0.02
+14103814588, 0.02
+14103815386, 0.02
+14103816301, 0.02
+14103819061, 0.02
+14103812923, 0.02
+14104118193, 0.03
+14104118045, 0.03
+14104111926, 0.03
+14104115046, 0.03
+14104115941, 0.03
+14104111157, 0.03
+14104115439, 0.03
+14104111655, 0.03
+14104119279, 0.03
+14104119123, 0.03
+14104118729, 0.03
+14104114947, 0.03
+14104112414, 0.03
+14104118058, 0.03
+14104117009, 0.03
+14104119326, 0.03
+14104118618, 0.03
+14104114712, 0.03
+14104119615, 0.03
+14104117780, 0.03
+14104404856, 0.01
+14104404758, 0.01
+14104404331, 0.01
+14104401398, 0.01
+14104405158, 0.01
+14104401675, 0.01
+14104402138, 0.01
+14104403931, 0.01
+14104405669, 0.01
+14104405284, 0.01
+14104401525, 0.01
+14104407929, 0.01
+14104408013, 0.01
+14104409479, 0.01
+14104402173, 0.01
+14104405166, 0.01
+14104403197, 0.01
+14104401755, 0.01
+14104402314, 0.01
+14104402399, 0.01
+14104723719, 0.04
+14104728757, 0.04
+14104721708, 0.04
+14104723836, 0.04
+14104724815, 0.04
+14104723164, 0.04
+14104723849, 0.04
+14104722670, 0.04
+14104721913, 0.04
+14104729965, 0.04
+14104728077, 0.04
+14104727191, 0.04
+14104725401, 0.04
+14104724019, 0.04
+14104726066, 0.04
+14104728482, 0.04
+14104728851, 0.04
+14104727561, 0.04
+14104721676, 0.04
+14104725112, 0.04
+14104795894, 0.04
+14104792493, 0.04
+14104792513, 0.04
+14104792625, 0.04
+14104797873, 0.04
+14104799700, 0.04
+14104796250, 0.04
+14104796947, 0.04
+14104798420, 0.04
+14104796606, 0.04
+14104792134, 0.04
+14104794844, 0.04
+14104799797, 0.04
+14104795271, 0.04
+14104791159, 0.04
+14104794119, 0.04
+14104797083, 0.04
+14104791969, 0.04
+14104795999, 0.04
+14104797789, 0.04
+18145803016, 0.02
+18145809211, 0.02
+18145803505, 0.02
+18145809419, 0.02
+18145805948, 0.02
+18145808179, 0.02
+18145808099, 0.02
+18145809200, 0.02
+18145807910, 0.02
+18145808341, 0.02
+18145804808, 0.02
+18145808342, 0.02
+18145806397, 0.02
+18145801794, 0.02
+18145804517, 0.02
+18145804883, 0.02
+18145804186, 0.02
+18145806441, 0.02
+18145806514, 0.02
+18145802902, 0.02
+18146744133, 0.10
+18146748609, 0.10
+18146747076, 0.10
+18146743387, 0.10
+18146744065, 0.10
+18146746458, 0.10
+18146744091, 0.10
+18146745358, 0.10
+18146745676, 0.10
+18146741920, 0.10
+18146747651, 0.10
+18146748706, 0.10
+18146741349, 0.10
+18146742630, 0.10
+18146749894, 0.10
+18146748060, 0.10
+18146747889, 0.10
+18146749284, 0.10
+18146746412, 0.10
+18146743386, 0.10
+18144671458, 0.06
+18144674295, 0.06
+18144678210, 0.06
+18144673691, 0.06
+18144677191, 0.06
+18144672072, 0.06
+18144675688, 0.06
+18144679475, 0.06
+18144677515, 0.06
+18144672841, 0.06
+18144674121, 0.06
+18144673891, 0.06
+18144677602, 0.06
+18144671965, 0.06
+18144679938, 0.06
+18144675945, 0.06
+18144678640, 0.06
+18144674286, 0.06
+18144675471, 0.06
+18144671840, 0.06
+18142633884, 0.07
+18142634039, 0.07
+18142634995, 0.07
+18142631871, 0.07
+18142631469, 0.07
+18142632827, 0.07
+18142634620, 0.07
+18142632581, 0.07
+18142639607, 0.07
+18142632775, 0.07
+18142631720, 0.07
+18142636140, 0.07
+18142634709, 0.07
+18142632287, 0.07
+18142634758, 0.07
+18142632363, 0.07
+18142638882, 0.07
+18142639007, 0.07
+18142636885, 0.07
+18142635832, 0.07
+18147007410, 0.10
+18147004539, 0.10
+18147007271, 0.10
+18147001417, 0.10
+18147003295, 0.10
+18147001879, 0.10
+18147005097, 0.10
+18147002540, 0.10
+18147002580, 0.10
+18147006602, 0.10
+18147003825, 0.10
+18147003754, 0.10
+18147002022, 0.10
+18147006077, 0.10
+18147008994, 0.10
+18147002955, 0.10
+18147003728, 0.10
+18147006319, 0.10
+18147001976, 0.10
+18147006072, 0.10
+18144656346, 0.05
+18144653295, 0.05
+18144651830, 0.05
+18144651826, 0.05
+18144656776, 0.05
+18144654643, 0.05
+18144652408, 0.05
+18144655201, 0.05
+18144652789, 0.05
+18144655585, 0.05
+18144654707, 0.05
+18144658154, 0.05
+18144653775, 0.05
+18144655025, 0.05
+18144656448, 0.05
+18144653566, 0.05
+18144655285, 0.05
+18144658991, 0.05
+18144656375, 0.05
+18144658486, 0.05
+18144727348, 0.06
+18144725063, 0.06
+18144725060, 0.06
+18144722677, 0.06
+18144721922, 0.06
+18144728448, 0.06
+18144729269, 0.06
+18144727516, 0.06
+18144727315, 0.06
+18144721749, 0.06
+18144724421, 0.06
+18144728508, 0.06
+18144723806, 0.06
+18144728824, 0.06
+18144725087, 0.06
+18144722144, 0.06
+18144726551, 0.06
+18144722449, 0.06
+18144721330, 0.06
+18144721935, 0.06
+18147667226, 0.02
+18147668949, 0.02
+18147667111, 0.02
+18147664631, 0.02
+18147662106, 0.02
+18147667269, 0.02
+18147661587, 0.02
+18147663415, 0.02
+18147666494, 0.02
+18147666678, 0.02
+18147667430, 0.02
+18147669240, 0.02
+18147664457, 0.02
+18147669282, 0.02
+18147664871, 0.02
+18147667862, 0.02
+18147665185, 0.02
+18147664183, 0.02
+18147667063, 0.02
+18147661891, 0.02
+18142009210, 0.06
+18142008230, 0.06
+18142003728, 0.06
+18142005091, 0.06
+18142008361, 0.06
+18142008275, 0.06
+18142007518, 0.06
+18142003124, 0.06
+18142007356, 0.06
+18142009702, 0.06
+18142003287, 0.06
+18142008756, 0.06
+18142007610, 0.06
+18142002477, 0.06
+18142003514, 0.06
+18142005362, 0.06
+18142005098, 0.06
+18142004148, 0.06
+18142008383, 0.06
+18142006005, 0.06
+16079899112, 0
+16079897081, 0
+16079899610, 0
+16079896083, 0
+16079897786, 0
+16079893778, 0
+16079897052, 0
+16079893996, 0
+16079894364, 0
+16079898365, 0
+16079895008, 0
+16079891600, 0
+16079896905, 0
+16079891763, 0
+16079896492, 0
+16079892805, 0
+16079892183, 0
+16079895132, 0
+16079891694, 0
+16079896242, 0
+16075603639, 0
+16075605203, 0
+16075608849, 0
+16075608839, 0
+16075602261, 0
+16075608505, 0
+16075609053, 0
+16075604883, 0
+16075605592, 0
+16075603118, 0
+16075603381, 0
+16075602296, 0
+16075603069, 0
+16075607657, 0
+16075605314, 0
+16075608308, 0
+16075604563, 0
+16075603608, 0
+16075604283, 0
+16075605708, 0
+16074477951, 0
+16074471129, 0
+16074479847, 0
+16074472907, 0
+16074477815, 0
+16074472169, 0
+16074476697, 0
+16074472187, 0
+16074471147, 0
+16074475326, 0
+16074471595, 0
+16074472579, 0
+16074471394, 0
+16074477726, 0
+16074471877, 0
+16074479340, 0
+16074475344, 0
+16074477968, 0
+16074477497, 0
+16074474435, 0
+16074199530, 0
+16074192517, 0
+16074198886, 0
+16074198788, 0
+16074194690, 0
+16074197933, 0
+16074193572, 0
+16074197798, 0
+16074192449, 0
+16074198101, 0
+16074198602, 0
+16074198570, 0
+16074195581, 0
+16074192086, 0
+16074194254, 0
+16074191138, 0
+16074194004, 0
+16074197768, 0
+16074192238, 0
+16074197939, 0
+16075048328, 0
+16075043874, 0
+16075042509, 0
+16075043060, 0
+16075049761, 0
+16075048444, 0
+16075049449, 0
+16075043536, 0
+16075042063, 0
+16075042299, 0
+16075042794, 0
+16075044209, 0
+16075044910, 0
+16075049752, 0
+16075048742, 0
+16075049511, 0
+16075044333, 0
+16075047750, 0
+16075049091, 0
+16075043759, 0
+16076802721, 0
+16076806643, 0
+16076802951, 0
+16076809689, 0
+16076806976, 0
+16076807066, 0
+16076805139, 0
+16076808637, 0
+16076807167, 0
+16076802797, 0
+16076803856, 0
+16076804601, 0
+16076805297, 0
+16076807043, 0
+16076809682, 0
+16076809107, 0
+16076805007, 0
+16076809649, 0
+16076807412, 0
+16076803892, 0
+16076707934, 0
+16076705204, 0
+16076705217, 0
+16076702419, 0
+16076709928, 0
+16076705637, 0
+16076701819, 0
+16076707905, 0
+16076703397, 0
+16076704987, 0
+16076706003, 0
+16076705168, 0
+16076706709, 0
+16076706986, 0
+16076708488, 0
+16076709131, 0
+16076705490, 0
+16076703064, 0
+16076703720, 0
+16076709633, 0
+16077284605, 0
+16077284522, 0
+16077289693, 0
+16077288910, 0
+16077283807, 0
+16077285159, 0
+16077286621, 0
+16077281820, 0
+16077284375, 0
+16077282836, 0
+16077285310, 0
+16077285509, 0
+16077289105, 0
+16077288293, 0
+16077282224, 0
+16077288131, 0
+16077283942, 0
+16077288312, 0
+16077289615, 0
+16077286878, 0
+16079646699, 0
+16079642942, 0
+16079646248, 0
+16079641430, 0
+16079644198, 0
+16079641976, 0
+16079649603, 0
+16079646575, 0
+16079646322, 0
+16079647215, 0
+16079645405, 0
+16079643305, 0
+16079648102, 0
+16079643647, 0
+16079644920, 0
+16079645496, 0
+16079648530, 0
+16079646870, 0
+16079645383, 0
+16079642743, 0
+19502617591, 0.10
+19502613665, 0.10
+19502619495, 0.10
+19502611331, 0.10
+19502612479, 0.10
+19502613257, 0.10
+19502611291, 0.10
+19502614156, 0.10
+19502612063, 0.10
+19502615891, 0.10
+19502618566, 0.10
+19502615546, 0.10
+19502618078, 0.10
+19502612327, 0.10
+19502618632, 0.10
+19502619270, 0.10
+19502615469, 0.10
+19502615701, 0.10
+19502614289, 0.10
+19502616852, 0.10
+19505987740, 0.08
+19505983751, 0.08
+19505984462, 0.08
+19505985967, 0.08
+19505986771, 0.08
+19505987803, 0.08
+19505982074, 0.08
+19505982651, 0.08
+19505986459, 0.08
+19505982823, 0.08
+19505982933, 0.08
+19505986794, 0.08
+19505983688, 0.08
+19505989786, 0.08
+19505989334, 0.08
+19505983336, 0.08
+19505988223, 0.08
+19505985891, 0.08
+19505981422, 0.08
+19505989656, 0.08
+19508615009, 0.10
+19508613446, 0.10
+19508617305, 0.10
+19508615163, 0.10
+19508611917, 0.10
+19508611516, 0.10
+19508617690, 0.10
+19508619311, 0.10
+19508618645, 0.10
+19508618788, 0.10
+19508616827, 0.10
+19508612610, 0.10
+19508619211, 0.10
+19508617915, 0.10
+19508612389, 0.10
+19508615876, 0.10
+19508614023, 0.10
+19508614753, 0.10
+19508611366, 0.10
+19508612812, 0.10
+19507484211, 0.09
+19507486454, 0.09
+19507486721, 0.09
+19507482038, 0.09
+19507485050, 0.09
+19507489890, 0.09
+19507483767, 0.09
+19507482554, 0.09
+19507484663, 0.09
+19507487111, 0.09
+19507489447, 0.09
+19507483488, 0.09
+19507485879, 0.09
+19507487625, 0.09
+19507487976, 0.09
+19507486044, 0.09
+19507487682, 0.09
+19507484400, 0.09
+19507488301, 0.09
+19507489802, 0.09
+19508669115, 0.09
+19508665894, 0.09
+19508663989, 0.09
+19508663694, 0.09
+19508667290, 0.09
+19508661159, 0.09
+19508667915, 0.09
+19508662432, 0.09
+19508665481, 0.09
+19508665164, 0.09
+19508669873, 0.09
+19508667740, 0.09
+19508664536, 0.09
+19508669412, 0.09
+19508669420, 0.09
+19508663068, 0.09
+19508667932, 0.09
+19508668192, 0.09
+19508661275, 0.09
+19508661730, 0.09
+19504175093, 0.09
+19504171484, 0.09
+19504179376, 0.09
+19504177085, 0.09
+19504177482, 0.09
+19504174892, 0.09
+19504173638, 0.09
+19504174602, 0.09
+19504173820, 0.09
+19504179891, 0.09
+19504178909, 0.09
+19504175475, 0.09
+19504177428, 0.09
+19504173981, 0.09
+19504179801, 0.09
+19504173409, 0.09
+19504171601, 0.09
+19504178643, 0.09
+19504171701, 0.09
+19504179972, 0.09
+19504752483, 0.09
+19504751825, 0.09
+19504758321, 0.09
+19504751325, 0.09
+19504752498, 0.09
+19504753204, 0.09
+19504759903, 0.09
+19504752461, 0.09
+19504758580, 0.09
+19504751876, 0.09
+19504757628, 0.09
+19504753205, 0.09
+19504752550, 0.09
+19504757292, 0.09
+19504759672, 0.09
+19504753877, 0.09
+19504753441, 0.09
+19504757952, 0.09
+19504759210, 0.09
+19504759972, 0.09
+19506229701, 0.09
+19506225927, 0.09
+19506226333, 0.09
+19506229072, 0.09
+19506222218, 0.09
+19506221966, 0.09
+19506224129, 0.09
+19506224195, 0.09
+19506221832, 0.09
+19506226656, 0.09
+19506227580, 0.09
+19506221421, 0.09
+19506225105, 0.09
+19506227080, 0.09
+19506228115, 0.09
+19506229716, 0.09
+19506228158, 0.09
+19506226754, 0.09
+19506223486, 0.09
+19506228140, 0.09
+19503338139, 0.09
+19503331599, 0.09
+19503335999, 0.09
+19503338551, 0.09
+19503332502, 0.09
+19503337242, 0.09
+19503331477, 0.09
+19503337901, 0.09
+19503339747, 0.09
+19503338160, 0.09
+19503336842, 0.09
+19503337772, 0.09
+19503332795, 0.09
+19503337091, 0.09
+19503333642, 0.09
+19503339786, 0.09
+19503339399, 0.09
+19503339012, 0.09
+19503339036, 0.09
+19503335106, 0.09
+18623712545, 0.05
+18623713232, 0.05
+18623719417, 0.05
+18623715817, 0.05
+18623714839, 0.05
+18623716051, 0.05
+18623716885, 0.05
+18623716260, 0.05
+18623716782, 0.05
+18623715839, 0.05
+18623713801, 0.05
+18623713973, 0.05
+18623715359, 0.05
+18623719524, 0.05
+18623714107, 0.05
+18623712499, 0.05
+18623717873, 0.05
+18623714917, 0.05
+18623714108, 0.05
+18623712132, 0.05
+18628132502, 0.06
+18628139563, 0.06
+18628138832, 0.06
+18628137832, 0.06
+18628133917, 0.06
+18628135145, 0.06
+18628138818, 0.06
+18628137738, 0.06
+18628139334, 0.06
+18628136952, 0.06
+18628136512, 0.06
+18628131386, 0.06
+18628138548, 0.06
+18628139431, 0.06
+18628139619, 0.06
+18628134177, 0.06
+18628137645, 0.06
+18628131869, 0.06
+18628139089, 0.06
+18628131555, 0.06
+18629905753, 0.05
+18629904814, 0.05
+18629901641, 0.05
+18629909743, 0.05
+18629901380, 0.05
+18629905566, 0.05
+18629908431, 0.05
+18629907138, 0.05
+18629908824, 0.05
+18629907778, 0.05
+18629903756, 0.05
+18629907259, 0.05
+18629904407, 0.05
+18629901865, 0.05
+18629903323, 0.05
+18629902336, 0.05
+18629903969, 0.05
+18629906254, 0.05
+18629909288, 0.05
+18629908721, 0.05
+18628492917, 0.05
+18628499977, 0.05
+18628496773, 0.05
+18628492440, 0.05
+18628491373, 0.05
+18628499841, 0.05
+18628497418, 0.05
+18628491652, 0.05
+18628491526, 0.05
+18628496228, 0.05
+18628498670, 0.05
+18628495286, 0.05
+18628497850, 0.05
+18628491633, 0.05
+18628497629, 0.05
+18628499452, 0.05
+18628494998, 0.05
+18628496722, 0.05
+18628496411, 0.05
+18628491133, 0.05
+18629237996, 0.04
+18629235246, 0.04
+18629231765, 0.04
+18629236722, 0.04
+18629239339, 0.04
+18629234713, 0.04
+18629239990, 0.04
+18629238211, 0.04
+18629236069, 0.04
+18629238608, 0.04
+18629237087, 0.04
+18629234188, 0.04
+18629231438, 0.04
+18629231720, 0.04
+18629236045, 0.04
+18629237908, 0.04
+18629238644, 0.04
+18629233692, 0.04
+18629238875, 0.04
+18629235009, 0.04
+18623567618, 0.04
+18623564704, 0.04
+18623567718, 0.04
+18623564650, 0.04
+18623565786, 0.04
+18623568768, 0.04
+18623567276, 0.04
+18623566756, 0.04
+18623565306, 0.04
+18623561853, 0.04
+18623569174, 0.04
+18623566458, 0.04
+18623567601, 0.04
+18623564546, 0.04
+18623565287, 0.04
+18623563685, 0.04
+18623567082, 0.04
+18623567563, 0.04
+18623564203, 0.04
+18623567217, 0.04
+18623804410, 0.05
+18623808375, 0.05
+18623802908, 0.05
+18623809733, 0.05
+18623807292, 0.05
+18623805499, 0.05
+18623805400, 0.05
+18623802742, 0.05
+18623803212, 0.05
+18623802318, 0.05
+18623802627, 0.05
+18623806910, 0.05
+18623804856, 0.05
+18623802766, 0.05
+18623804366, 0.05
+18623802273, 0.05
+18623802073, 0.05
+18623807460, 0.05
+18623805547, 0.05
+18623809882, 0.05
+18622406474, 0.06
+18622404543, 0.06
+18622405076, 0.06
+18622401246, 0.06
+18622401153, 0.06
+18622403919, 0.06
+18622403217, 0.06
+18622409976, 0.06
+18622404289, 0.06
+18622404777, 0.06
+18622401610, 0.06
+18622409269, 0.06
+18622406983, 0.06
+18622402545, 0.06
+18622401969, 0.06
+18622403772, 0.06
+18622408998, 0.06
+18622401924, 0.06
+18622408220, 0.06
+18622405705, 0.06
+18625947343, 0.04
+18625942943, 0.04
+18625944366, 0.04
+18625946271, 0.04
+18625943728, 0.04
+18625949208, 0.04
+18625942001, 0.04
+18625942698, 0.04
+18625948323, 0.04
+18625945525, 0.04
+18625943003, 0.04
+18625942372, 0.04
+18625943685, 0.04
+18625942569, 0.04
+18625948177, 0.04
+18625945184, 0.04
+18625944724, 0.04
+18625942189, 0.04
+18625945242, 0.04
+18625949906, 0.04
+13352269554, 0.06
+13352262671, 0.06
+13352269130, 0.06
+13352261610, 0.06
+13352269099, 0.06
+13352269010, 0.06
+13352269447, 0.06
+13352261751, 0.06
+13352263775, 0.06
+13352263586, 0.06
+13352266995, 0.06
+13352262907, 0.06
+13352268878, 0.06
+13352261974, 0.06
+13352263380, 0.06
+13352265340, 0.06
+13352267478, 0.06
+13352269190, 0.06
+13352268831, 0.06
+13352269046, 0.06
+13352009154, 0.07
+13352004933, 0.07
+13352005776, 0.07
+13352008698, 0.07
+13352004991, 0.07
+13352006535, 0.07
+13352006531, 0.07
+13352001589, 0.07
+13352009663, 0.07
+13352003445, 0.07
+13352009384, 0.07
+13352003856, 0.07
+13352004801, 0.07
+13352008116, 0.07
+13352003646, 0.07
+13352006233, 0.07
+13352006344, 0.07
+13352003175, 0.07
+13352008704, 0.07
+13352007353, 0.07
+13356976154, 0.06
+13356977202, 0.06
+13356979828, 0.06
+13356974515, 0.06
+13356977607, 0.06
+13356977316, 0.06
+13356972961, 0.06
+13356979837, 0.06
+13356977586, 0.06
+13356974170, 0.06
+13356977853, 0.06
+13356976041, 0.06
+13356977938, 0.06
+13356971266, 0.06
+13356971218, 0.06
+13356975717, 0.06
+13356978062, 0.06
+13356973792, 0.06
+13356973759, 0.06
+13356978791, 0.06
+13356917032, 0.07
+13356911451, 0.07
+13356911135, 0.07
+13356912702, 0.07
+13356917796, 0.07
+13356914180, 0.07
+13356915783, 0.07
+13356918515, 0.07
+13356914155, 0.07
+13356916375, 0.07
+13356917406, 0.07
+13356912089, 0.07
+13356911766, 0.07
+13356912499, 0.07
+13356916868, 0.07
+13356918323, 0.07
+13356913736, 0.07
+13356915202, 0.07
+13356917206, 0.07
+13356912368, 0.07
+13356141717, 0.08
+13356143175, 0.08
+13356143811, 0.08
+13356142411, 0.08
+13356146630, 0.08
+13356142459, 0.08
+13356144610, 0.08
+13356147557, 0.08
+13356145367, 0.08
+13356142262, 0.08
+13356141988, 0.08
+13356149145, 0.08
+13356144028, 0.08
+13356141982, 0.08
+13356141377, 0.08
+13356146372, 0.08
+13356145459, 0.08
+13356149478, 0.08
+13356144416, 0.08
+13356149241, 0.08
+13352129046, 0.07
+13352123261, 0.07
+13352124684, 0.07
+13352128642, 0.07
+13352121687, 0.07
+13352121511, 0.07
+13352123754, 0.07
+13352128679, 0.07
+13352125434, 0.07
+13352128656, 0.07
+13352124239, 0.07
+13352121222, 0.07
+13352121806, 0.07
+13352127621, 0.07
+13352122363, 0.07
+13352123182, 0.07
+13352128425, 0.07
+13352128163, 0.07
+13352129736, 0.07
+13352123234, 0.07
+13359007128, 0.07
+13359004892, 0.07
+13359001849, 0.07
+13359004420, 0.07
+13359007264, 0.07
+13359002658, 0.07
+13359003452, 0.07
+13359002104, 0.07
+13359009768, 0.07
+13359005697, 0.07
+13359009042, 0.07
+13359009194, 0.07
+13359004449, 0.07
+13359003582, 0.07
+13359002941, 0.07
+13359001584, 0.07
+13359006251, 0.07
+13359001307, 0.07
+13359003579, 0.07
+13359009435, 0.07
+13355677579, 0.07
+13355679973, 0.07
+13355676546, 0.07
+13355671155, 0.07
+13355675350, 0.07
+13355677934, 0.07
+13355676834, 0.07
+13355677745, 0.07
+13355675948, 0.07
+13355675511, 0.07
+13355674046, 0.07
+13355673470, 0.07
+13355673712, 0.07
+13355674226, 0.07
+13355678156, 0.07
+13355679997, 0.07
+13355678090, 0.07
+13355672600, 0.07
+13355674072, 0.07
+13355673119, 0.07
+13357131618, 0.08
+13357136762, 0.08
+13357134938, 0.08
+13357137224, 0.08
+13357134859, 0.08
+13357139124, 0.08
+13357131849, 0.08
+13357137233, 0.08
+13357135289, 0.08
+13357138073, 0.08
+13357133745, 0.08
+13357134518, 0.08
+13357135701, 0.08
+13357139042, 0.08
+13357137331, 0.08
+13357138046, 0.08
+13357137981, 0.08
+13357134785, 0.08
+13357134596, 0.08
+13357135400, 0.08
+18932073137, 0.04
+18932075421, 0.04
+18932072489, 0.04
+18932072014, 0.04
+18932071456, 0.04
+18932078941, 0.04
+18932075809, 0.04
+18932079746, 0.04
+18932072540, 0.04
+18932077116, 0.04
+18932076616, 0.04
+18932076032, 0.04
+18932073763, 0.04
+18932079194, 0.04
+18932071302, 0.04
+18932078304, 0.04
+18932073332, 0.04
+18932079833, 0.04
+18932079164, 0.04
+18932074189, 0.04
+18935175881, 0.04
+18935174244, 0.04
+18935175153, 0.04
+18935175360, 0.04
+18935173837, 0.04
+18935174557, 0.04
+18935176809, 0.04
+18935173510, 0.04
+18935172187, 0.04
+18935176073, 0.04
+18935171684, 0.04
+18935178212, 0.04
+18935174947, 0.04
+18935171125, 0.04
+18935177565, 0.04
+18935178503, 0.04
+18935175195, 0.04
+18935173471, 0.04
+18935177651, 0.04
+18935174277, 0.04
+18935493327, 0.03
+18935496691, 0.03
+18935491910, 0.03
+18935492656, 0.03
+18935492538, 0.03
+18935495986, 0.03
+18935497134, 0.03
+18935497824, 0.03
+18935492733, 0.03
+18935497257, 0.03
+18935498707, 0.03
+18935492730, 0.03
+18935493039, 0.03
+18935498726, 0.03
+18935495381, 0.03
+18935498102, 0.03
+18935495660, 0.03
+18935492289, 0.03
+18935494666, 0.03
+18935498221, 0.03
+18935518503, 0.06
+18935514511, 0.06
+18935518214, 0.06
+18935519455, 0.06
+18935511695, 0.06
+18935517328, 0.06
+18935514035, 0.06
+18935511874, 0.06
+18935513152, 0.06
+18935519799, 0.06
+18935519521, 0.06
+18935516743, 0.06
+18935514621, 0.06
+18935511507, 0.06
+18935517731, 0.06
+18935519941, 0.06
+18935512318, 0.06
+18935515489, 0.06
+18935514439, 0.06
+18935519000, 0.06
+18937095955, 0.06
+18937094257, 0.06
+18937097392, 0.06
+18937095395, 0.06
+18937095543, 0.06
+18937094531, 0.06
+18937096838, 0.06
+18937096402, 0.06
+18937095202, 0.06
+18937097761, 0.06
+18937093572, 0.06
+18937098288, 0.06
+18937091260, 0.06
+18937093136, 0.06
+18937095440, 0.06
+18937097008, 0.06
+18937097740, 0.06
+18937095376, 0.06
+18937094970, 0.06
+18937098841, 0.06
+18934058114, 0.02
+18934053727, 0.02
+18934058540, 0.02
+18934051160, 0.02
+18934051287, 0.02
+18934059786, 0.02
+18934056884, 0.02
+18934057178, 0.02
+18934055757, 0.02
+18934054469, 0.02
+18934054601, 0.02
+18934058804, 0.02
+18934057096, 0.02
+18934052302, 0.02
+18934051885, 0.02
+18934056862, 0.02
+18934052002, 0.02
+18934056665, 0.02
+18934059015, 0.02
+18934056694, 0.02
+18932672976, 0.07
+18932673353, 0.07
+18932679337, 0.07
+18932673663, 0.07
+18932677686, 0.07
+18932675535, 0.07
+18932679054, 0.07
+18932678394, 0.07
+18932679072, 0.07
+18932678726, 0.07
+18932678554, 0.07
+18932675030, 0.07
+18932675674, 0.07
+18932673318, 0.07
+18932671392, 0.07
+18932673104, 0.07
+18932674992, 0.07
+18932677078, 0.07
+18932679462, 0.07
+18932677041, 0.07
+18936943510, 0.03
+18936945690, 0.03
+18936945839, 0.03
+18936941293, 0.03
+18936942319, 0.03
+18936946079, 0.03
+18936947271, 0.03
+18936948380, 0.03
+18936947060, 0.03
+18936941804, 0.03
+18936947977, 0.03
+18936942815, 0.03
+18936943278, 0.03
+18936941944, 0.03
+18936949614, 0.03
+18936942019, 0.03
+18936942110, 0.03
+18936943084, 0.03
+18936948441, 0.03
+18936949618, 0.03
+18939853359, 0.06
+18939855311, 0.06
+18939853469, 0.06
+18939859049, 0.06
+18939852669, 0.06
+18939856847, 0.06
+18939852129, 0.06
+18939852997, 0.06
+18939857044, 0.06
+18939855926, 0.06
+18939851495, 0.06
+18939855647, 0.06
+18939856049, 0.06
+18939857360, 0.06
+18939855697, 0.06
+18939856372, 0.06
+18939854386, 0.06
+18939859559, 0.06
+18939853944, 0.06
+18939853435, 0.06
+15904303469, 0.03
+15904309467, 0.03
+15904305792, 0.03
+15904306478, 0.03
+15904306412, 0.03
+15904303551, 0.03
+15904307106, 0.03
+15904309862, 0.03
+15904305484, 0.03
+15904305538, 0.03
+15904305787, 0.03
+15904301266, 0.03
+15904306840, 0.03
+15904301670, 0.03
+15904307736, 0.03
+15904309523, 0.03
+15904304836, 0.03
+15904301851, 0.03
+15904302942, 0.03
+15904309011, 0.03
+15907343446, 0.03
+15907341524, 0.03
+15907349038, 0.03
+15907347582, 0.03
+15907346430, 0.03
+15907343036, 0.03
+15907343922, 0.03
+15907344570, 0.03
+15907347425, 0.03
+15907341554, 0.03
+15907343967, 0.03
+15907343199, 0.03
+15907347568, 0.03
+15907349929, 0.03
+15907349556, 0.03
+15907345081, 0.03
+15907348041, 0.03
+15907347666, 0.03
+15907344990, 0.03
+15907345095, 0.03
+15908663342, 0.03
+15908665508, 0.03
+15908665320, 0.03
+15908664712, 0.03
+15908663057, 0.03
+15908669482, 0.03
+15908666139, 0.03
+15908665332, 0.03
+15908667340, 0.03
+15908663735, 0.03
+15908665320, 0.03
+15908666026, 0.03
+15908663287, 0.03
+15908666537, 0.03
+15908668334, 0.03
+15908667063, 0.03
+15908668891, 0.03
+15908665194, 0.03
+15908663110, 0.03
+15908664227, 0.03
+15908458816, 0.02
+15908457701, 0.02
+15908453822, 0.02
+15908453726, 0.02
+15908451542, 0.02
+15908454763, 0.02
+15908459900, 0.02
+15908451294, 0.02
+15908455471, 0.02
+15908455712, 0.02
+15908453621, 0.02
+15908453416, 0.02
+15908456298, 0.02
+15908459274, 0.02
+15908453865, 0.02
+15908454963, 0.02
+15908459641, 0.02
+15908454676, 0.02
+15908458856, 0.02
+15908455899, 0.02
+15904548930, 0.04
+15904546131, 0.04
+15904546793, 0.04
+15904545785, 0.04
+15904547620, 0.04
+15904541295, 0.04
+15904542269, 0.04
+15904541459, 0.04
+15904547249, 0.04
+15904541632, 0.04
+15904546092, 0.04
+15904547522, 0.04
+15904541736, 0.04
+15904542377, 0.04
+15904547900, 0.04
+15904547938, 0.04
+15904548487, 0.04
+15904548279, 0.04
+15904541255, 0.04
+15904544639, 0.04
+15902614402, 0.04
+15902614584, 0.04
+15902616534, 0.04
+15902614564, 0.04
+15902616417, 0.04
+15902617925, 0.04
+15902612843, 0.04
+15902613002, 0.04
+15902616731, 0.04
+15902613812, 0.04
+15902612417, 0.04
+15902617681, 0.04
+15902618913, 0.04
+15902614979, 0.04
+15902614787, 0.04
+15902619178, 0.04
+15902616727, 0.04
+15902612207, 0.04
+15902614596, 0.04
+15902618838, 0.04
+15904177427, 0.05
+15904179693, 0.05
+15904174724, 0.05
+15904175958, 0.05
+15904179818, 0.05
+15904174865, 0.05
+15904172043, 0.05
+15904177046, 0.05
+15904171602, 0.05
+15904176956, 0.05
+15904177039, 0.05
+15904171632, 0.05
+15904174255, 0.05
+15904172937, 0.05
+15904172637, 0.05
+15904175797, 0.05
+15904173282, 0.05
+15904179346, 0.05
+15904173438, 0.05
+15904178745, 0.05
+15907248612, 0.02
+15907249747, 0.02
+15907247279, 0.02
+15907242885, 0.02
+15907243488, 0.02
+15907242737, 0.02
+15907242886, 0.02
+15907244759, 0.02
+15907248746, 0.02
+15907247789, 0.02
+15907246582, 0.02
+15907246257, 0.02
+15907245698, 0.02
+15907244862, 0.02
+15907246176, 0.02
+15907241543, 0.02
+15907249845, 0.02
+15907246501, 0.02
+15907243348, 0.02
+15907246292, 0.02
+15904948922, 0.06
+15904948542, 0.06
+15904946530, 0.06
+15904944346, 0.06
+15904948691, 0.06
+15904945383, 0.06
+15904946470, 0.06
+15904943266, 0.06
+15904949987, 0.06
+15904941846, 0.06
+15904949823, 0.06
+15904949981, 0.06
+15904945463, 0.06
+15904945563, 0.06
+15904943179, 0.06
+15904942745, 0.06
+15904945263, 0.06
+15904943741, 0.06
+15904942784, 0.06
+15904944692, 0.06
+14849405835, 0.09
+14849405432, 0.09
+14849406284, 0.09
+14849408357, 0.09
+14849405557, 0.09
+14849401631, 0.09
+14849404309, 0.09
+14849403406, 0.09
+14849406973, 0.09
+14849401546, 0.09
+14849407721, 0.09
+14849409523, 0.09
+14849401812, 0.09
+14849405755, 0.09
+14849409676, 0.09
+14849405464, 0.09
+14849404913, 0.09
+14849404195, 0.09
+14849407468, 0.09
+14849402209, 0.09
+14842541699, 0.08
+14842548382, 0.08
+14842549681, 0.08
+14842547241, 0.08
+14842547228, 0.08
+14842548352, 0.08
+14842549625, 0.08
+14842547576, 0.08
+14842548030, 0.08
+14842544148, 0.08
+14842542538, 0.08
+14842544873, 0.08
+14842549110, 0.08
+14842542375, 0.08
+14842547006, 0.08
+14842546121, 0.08
+14842545036, 0.08
+14842544704, 0.08
+14842541909, 0.08
+14842549276, 0.08
+14848821774, 0.05
+14848822458, 0.05
+14848822505, 0.05
+14848825180, 0.05
+14848824638, 0.05
+14848821339, 0.05
+14848826573, 0.05
+14848829145, 0.05
+14848825167, 0.05
+14848823105, 0.05
+14848825504, 0.05
+14848824929, 0.05
+14848825685, 0.05
+14848826842, 0.05
+14848828448, 0.05
+14848825096, 0.05
+14848823885, 0.05
+14848825310, 0.05
+14848825042, 0.05
+14848826646, 0.05
+14845124605, 0.05
+14845129024, 0.05
+14845122083, 0.05
+14845124444, 0.05
+14845127424, 0.05
+14845121682, 0.05
+14845129524, 0.05
+14845125990, 0.05
+14845127181, 0.05
+14845126408, 0.05
+14845126869, 0.05
+14845126399, 0.05
+14845122069, 0.05
+14845124968, 0.05
+14845125906, 0.05
+14845126306, 0.05
+14845129236, 0.05
+14845122635, 0.05
+14845122238, 0.05
+14845125983, 0.05
+14844545661, 0.06
+14844543930, 0.06
+14844541487, 0.06
+14844547638, 0.06
+14844548176, 0.06
+14844547014, 0.06
+14844543067, 0.06
+14844541905, 0.06
+14844543552, 0.06
+14844547492, 0.06
+14844546736, 0.06
+14844542375, 0.06
+14844547503, 0.06
+14844543810, 0.06
+14844547798, 0.06
+14844549471, 0.06
+14844545596, 0.06
+14844546091, 0.06
+14844543733, 0.06
+14844541485, 0.06
+14844586376, 0.08
+14844586960, 0.08
+14844582008, 0.08
+14844584374, 0.08
+14844589177, 0.08
+14844584962, 0.08
+14844587942, 0.08
+14844586261, 0.08
+14844585259, 0.08
+14844589262, 0.08
+14844589005, 0.08
+14844583773, 0.08
+14844583461, 0.08
+14844585550, 0.08
+14844588854, 0.08
+14844586732, 0.08
+14844587775, 0.08
+14844582999, 0.08
+14844586264, 0.08
+14844589675, 0.08
+14847399530, 0.08
+14847392264, 0.08
+14847395307, 0.08
+14847392112, 0.08
+14847397756, 0.08
+14847395615, 0.08
+14847394488, 0.08
+14847392737, 0.08
+14847398349, 0.08
+14847392079, 0.08
+14847391866, 0.08
+14847393486, 0.08
+14847393901, 0.08
+14847394507, 0.08
+14847397280, 0.08
+14847397565, 0.08
+14847394897, 0.08
+14847398015, 0.08
+14847395969, 0.08
+14847397772, 0.08
+14843894475, 0.06
+14843899324, 0.06
+14843899701, 0.06
+14843896411, 0.06
+14843898433, 0.06
+14843894727, 0.06
+14843893367, 0.06
+14843895234, 0.06
+14843896181, 0.06
+14843894593, 0.06
+14843891345, 0.06
+14843898330, 0.06
+14843896954, 0.06
+14843895709, 0.06
+14843896315, 0.06
+14843897514, 0.06
+14843891895, 0.06
+14843898496, 0.06
+14843895968, 0.06
+14843899531, 0.06
+14843425091, 0.10
+14843428061, 0.10
+14843425529, 0.10
+14843425025, 0.10
+14843427541, 0.10
+14843421551, 0.10
+14843424283, 0.10
+14843429770, 0.10
+14843421427, 0.10
+14843427360, 0.10
+14843425076, 0.10
+14843426631, 0.10
+14843427580, 0.10
+14843429633, 0.10
+14843429219, 0.10
+14843428369, 0.10
+14843421337, 0.10
+14843426432, 0.10
+14843423649, 0.10
+14843422904, 0.10
+12655194799, 0.02
+12655198531, 0.02
+12655195307, 0.02
+12655192931, 0.02
+12655191572, 0.02
+12655192296, 0.02
+12655198967, 0.02
+12655198287, 0.02
+12655195711, 0.02
+12655193503, 0.02
+12655195602, 0.02
+12655197705, 0.02
+12655195099, 0.02
+12655198704, 0.02
+12655192426, 0.02
+12655198835, 0.02
+12655199834, 0.02
+12655191627, 0.02
+12655191589, 0.02
+12655199940, 0.02
+12656949696, 0.04
+12656944407, 0.04
+12656947531, 0.04
+12656946749, 0.04
+12656943899, 0.04
+12656941997, 0.04
+12656942553, 0.04
+12656943622, 0.04
+12656943271, 0.04
+12656946303, 0.04
+12656941817, 0.04
+12656944981, 0.04
+12656946922, 0.04
+12656946741, 0.04
+12656948293, 0.04
+12656942164, 0.04
+12656947226, 0.04
+12656948700, 0.04
+12656944397, 0.04
+12656945989, 0.04
+12656129577, 0.02
+12656123259, 0.02
+12656129884, 0.02
+12656122410, 0.02
+12656124111, 0.02
+12656123669, 0.02
+12656122613, 0.02
+12656122624, 0.02
+12656128603, 0.02
+12656121561, 0.02
+12656129362, 0.02
+12656127264, 0.02
+12656125101, 0.02
+12656126358, 0.02
+12656127700, 0.02
+12656126218, 0.02
+12656122637, 0.02
+12656128609, 0.02
+12656129912, 0.02
+12656121143, 0.02
+12659485704, 0.03
+12659489275, 0.03
+12659486785, 0.03
+12659485847, 0.03
+12659484710, 0.03
+12659485785, 0.03
+12659486915, 0.03
+12659483416, 0.03
+12659481282, 0.03
+12659484434, 0.03
+12659487332, 0.03
+12659483217, 0.03
+12659485679, 0.03
+12659485983, 0.03
+12659486646, 0.03
+12659485306, 0.03
+12659483258, 0.03
+12659484376, 0.03
+12659486984, 0.03
+12659481922, 0.03
+12653435956, 0.03
+12653436241, 0.03
+12653437116, 0.03
+12653431841, 0.03
+12653437223, 0.03
+12653432988, 0.03
+12653438337, 0.03
+12653431297, 0.03
+12653438381, 0.03
+12653435807, 0.03
+12653431418, 0.03
+12653439526, 0.03
+12653436631, 0.03
+12653434962, 0.03
+12653433845, 0.03
+12653435914, 0.03
+12653437030, 0.03
+12653437045, 0.03
+12653435121, 0.03
+12653439614, 0.03
+12653063218, 0.03
+12653069503, 0.03
+12653068635, 0.03
+12653069287, 0.03
+12653069878, 0.03
+12653063364, 0.03
+12653063293, 0.03
+12653069949, 0.03
+12653066202, 0.03
+12653068668, 0.03
+12653065270, 0.03
+12653069990, 0.03
+12653063551, 0.03
+12653066694, 0.03
+12653066593, 0.03
+12653069949, 0.03
+12653066343, 0.03
+12653068988, 0.03
+12653061954, 0.03
+12653064231, 0.03
+12652804075, 0.04
+12652805718, 0.04
+12652803641, 0.04
+12652808225, 0.04
+12652802375, 0.04
+12652809279, 0.04
+12652809210, 0.04
+12652806938, 0.04
+12652804121, 0.04
+12652807252, 0.04
+12652809111, 0.04
+12652808965, 0.04
+12652809491, 0.04
+12652809842, 0.04
+12652807922, 0.04
+12652805860, 0.04
+12652809412, 0.04
+12652805151, 0.04
+12652807293, 0.04
+12652808270, 0.04
+12655244495, 0.03
+12655241678, 0.03
+12655244553, 0.03
+12655246237, 0.03
+12655246893, 0.03
+12655245118, 0.03
+12655245516, 0.03
+12655247495, 0.03
+12655242240, 0.03
+12655247529, 0.03
+12655245125, 0.03
+12655241247, 0.03
+12655244989, 0.03
+12655241796, 0.03
+12655245816, 0.03
+12655247782, 0.03
+12655244424, 0.03
+12655245088, 0.03
+12655248482, 0.03
+12655246395, 0.03
+12659058899, 0.01
+12659053129, 0.01
+12659058973, 0.01
+12659057859, 0.01
+12659053108, 0.01
+12659052118, 0.01
+12659055679, 0.01
+12659052622, 0.01
+12659051209, 0.01
+12659051611, 0.01
+12659052040, 0.01
+12659057531, 0.01
+12659054147, 0.01
+12659059242, 0.01
+12659059305, 0.01
+12659059998, 0.01
+12659056243, 0.01
+12659053634, 0.01
+12659054587, 0.01
+12659055713, 0.01
+19026977652, 0.06
+19026978063, 0.06
+19026971244, 0.06
+19026973876, 0.06
+19026971400, 0.06
+19026977886, 0.06
+19026974339, 0.06
+19026975134, 0.06
+19026976866, 0.06
+19026977827, 0.06
+19026975431, 0.06
+19026975310, 0.06
+19026976241, 0.06
+19026974305, 0.06
+19026977261, 0.06
+19026977081, 0.06
+19026976833, 0.06
+19026973187, 0.06
+19026971978, 0.06
+19026978217, 0.06
+19027128633, 0.08
+19027127811, 0.08
+19027121830, 0.08
+19027128898, 0.08
+19027121857, 0.08
+19027127944, 0.08
+19027124737, 0.08
+19027124130, 0.08
+19027122591, 0.08
+19027126457, 0.08
+19027123707, 0.08
+19027127629, 0.08
+19027128402, 0.08
+19027127211, 0.08
+19027128784, 0.08
+19027129842, 0.08
+19027129907, 0.08
+19027125467, 0.08
+19027129108, 0.08
+19027125326, 0.08
+19025326526, 0.07
+19025322224, 0.07
+19025328020, 0.07
+19025323714, 0.07
+19025328048, 0.07
+19025326702, 0.07
+19025326822, 0.07
+19025326485, 0.07
+19025323488, 0.07
+19025327790, 0.07
+19025326580, 0.07
+19025324242, 0.07
+19025328260, 0.07
+19025325904, 0.07
+19025321953, 0.07
+19025329575, 0.07
+19025329805, 0.07
+19025326503, 0.07
+19025322429, 0.07
+19025326751, 0.07
+19028261444, 0.07
+19028269267, 0.07
+19028268393, 0.07
+19028268637, 0.07
+19028269207, 0.07
+19028266435, 0.07
+19028265591, 0.07
+19028266288, 0.07
+19028267892, 0.07
+19028261542, 0.07
+19028266541, 0.07
+19028267796, 0.07
+19028269132, 0.07
+19028264737, 0.07
+19028262680, 0.07
+19028266313, 0.07
+19028269585, 0.07
+19028264249, 0.07
+19028265152, 0.07
+19028264416, 0.07
+19022111727, 0.05
+19022111408, 0.05
+19022119079, 0.05
+19022111893, 0.05
+19022116145, 0.05
+19022117543, 0.05
+19022119308, 0.05
+19022111921, 0.05
+19022115251, 0.05
+19022112990, 0.05
+19022116927, 0.05
+19022117559, 0.05
+19022117250, 0.05
+19022115077, 0.05
+19022116343, 0.05
+19022119877, 0.05
+19022117488, 0.05
+19022115195, 0.05
+19022114669, 0.05
+19022116812, 0.05
+19028544262, 0.09
+19028543334, 0.09
+19028546320, 0.09
+19028541389, 0.09
+19028544488, 0.09
+19028546002, 0.09
+19028542049, 0.09
+19028548143, 0.09
+19028547564, 0.09
+19028549233, 0.09
+19028546246, 0.09
+19028547984, 0.09
+19028549265, 0.09
+19028548004, 0.09
+19028543321, 0.09
+19028548263, 0.09
+19028548104, 0.09
+19028547418, 0.09
+19028546228, 0.09
+19028543661, 0.09
+19022834702, 0.06
+19022838584, 0.06
+19022832036, 0.06
+19022837972, 0.06
+19022838926, 0.06
+19022839833, 0.06
+19022838838, 0.06
+19022832586, 0.06
+19022834437, 0.06
+19022838190, 0.06
+19022838867, 0.06
+19022834856, 0.06
+19022835039, 0.06
+19022834642, 0.06
+19022838550, 0.06
+19022831921, 0.06
+19022836141, 0.06
+19022832476, 0.06
+19022833653, 0.06
+19022838662, 0.06
+19024672065, 0.08
+19024672147, 0.08
+19024679052, 0.08
+19024672600, 0.08
+19024677803, 0.08
+19024672395, 0.08
+19024677822, 0.08
+19024674547, 0.08
+19024677805, 0.08
+19024674426, 0.08
+19024678100, 0.08
+19024674292, 0.08
+19024674669, 0.08
+19024675348, 0.08
+19024675720, 0.08
+19024678113, 0.08
+19024676230, 0.08
+19024675043, 0.08
+19024676424, 0.08
+19024671242, 0.08
+19023477115, 0.08
+19023475428, 0.08
+19023474030, 0.08
+19023474641, 0.08
+19023476022, 0.08
+19023474529, 0.08
+19023473017, 0.08
+19023471890, 0.08
+19023472504, 0.08
+19023476720, 0.08
+19023472283, 0.08
+19023477646, 0.08
+19023479064, 0.08
+19023475100, 0.08
+19023478864, 0.08
+19023476581, 0.08
+19023475459, 0.08
+19023473270, 0.08
+19023473988, 0.08
+19023478830, 0.08
+13995313474, 0.06
+13995316145, 0.06
+13995312058, 0.06
+13995312606, 0.06
+13995313981, 0.06
+13995314877, 0.06
+13995317013, 0.06
+13995316359, 0.06
+13995315296, 0.06
+13995318246, 0.06
+13995314610, 0.06
+13995314646, 0.06
+13995315895, 0.06
+13995317068, 0.06
+13995311539, 0.06
+13995311693, 0.06
+13995316288, 0.06
+13995312480, 0.06
+13995311126, 0.06
+13995313277, 0.06
+13998997512, 0.07
+13998996809, 0.07
+13998999917, 0.07
+13998995243, 0.07
+13998999647, 0.07
+13998991983, 0.07
+13998998928, 0.07
+13998991658, 0.07
+13998993536, 0.07
+13998994469, 0.07
+13998993568, 0.07
+13998992233, 0.07
+13998997488, 0.07
+13998994296, 0.07
+13998995712, 0.07
+13998995862, 0.07
+13998993291, 0.07
+13998996327, 0.07
+13998993370, 0.07
+13998992910, 0.07
+13999523450, 0.04
+13999525449, 0.04
+13999527044, 0.04
+13999524701, 0.04
+13999527373, 0.04
+13999522301, 0.04
+13999523506, 0.04
+13999525281, 0.04
+13999525421, 0.04
+13999529744, 0.04
+13999522168, 0.04
+13999521260, 0.04
+13999529618, 0.04
+13999523351, 0.04
+13999522450, 0.04
+13999528590, 0.04
+13999528198, 0.04
+13999528701, 0.04
+13999527816, 0.04
+13999523556, 0.04
+13993935018, 0.06
+13993933119, 0.06
+13993937326, 0.06
+13993932129, 0.06
+13993934955, 0.06
+13993939166, 0.06
+13993932372, 0.06
+13993936962, 0.06
+13993932561, 0.06
+13993933642, 0.06
+13993935872, 0.06
+13993938752, 0.06
+13993934658, 0.06
+13993931179, 0.06
+13993934750, 0.06
+13993934621, 0.06
+13993933081, 0.06
+13993937225, 0.06
+13993931566, 0.06
+13993931667, 0.06
+13998717625, 0.09
+13998712598, 0.09
+13998714304, 0.09
+13998715959, 0.09
+13998716261, 0.09
+13998718625, 0.09
+13998719966, 0.09
+13998712339, 0.09
+13998715174, 0.09
+13998717573, 0.09
+13998717322, 0.09
+13998713944, 0.09
+13998714257, 0.09
+13998711960, 0.09
+13998711690, 0.09
+13998715366, 0.09
+13998718315, 0.09
+13998715133, 0.09
+13998714295, 0.09
+13998717871, 0.09
+13997602818, 0.02
+13997602979, 0.02
+13997607349, 0.02
+13997608881, 0.02
+13997608660, 0.02
+13997607611, 0.02
+13997609499, 0.02
+13997603111, 0.02
+13997604688, 0.02
+13997605396, 0.02
+13997606085, 0.02
+13997608103, 0.02
+13997607873, 0.02
+13997603791, 0.02
+13997601387, 0.02
+13997601978, 0.02
+13997605326, 0.02
+13997608704, 0.02
+13997608901, 0.02
+13997606288, 0.02
+13994233004, 0.02
+13994239258, 0.02
+13994234913, 0.02
+13994234793, 0.02
+13994234921, 0.02
+13994237107, 0.02
+13994238151, 0.02
+13994239776, 0.02
+13994238909, 0.02
+13994234837, 0.02
+13994232894, 0.02
+13994236482, 0.02
+13994239228, 0.02
+13994237017, 0.02
+13994231587, 0.02
+13994235136, 0.02
+13994238412, 0.02
+13994233597, 0.02
+13994234508, 0.02
+13994239237, 0.02
+13995209876, 0.09
+13995209803, 0.09
+13995207088, 0.09
+13995208897, 0.09
+13995203658, 0.09
+13995206715, 0.09
+13995205116, 0.09
+13995209058, 0.09
+13995207357, 0.09
+13995205395, 0.09
+13995207800, 0.09
+13995203265, 0.09
+13995206934, 0.09
+13995206383, 0.09
+13995208589, 0.09
+13995206857, 0.09
+13995208929, 0.09
+13995204620, 0.09
+13995203001, 0.09
+13995205165, 0.09
+13997451562, 0.02
+13997456127, 0.02
+13997456887, 0.02
+13997453373, 0.02
+13997458461, 0.02
+13997454765, 0.02
+13997456803, 0.02
+13997454130, 0.02
+13997458110, 0.02
+13997457275, 0.02
+13997456262, 0.02
+13997458132, 0.02
+13997456122, 0.02
+13997455792, 0.02
+13997454851, 0.02
+13997455876, 0.02
+13997458754, 0.02
+13997455360, 0.02
+13997454805, 0.02
+13997455945, 0.02
+17882275940, 0.08
+17882277112, 0.08
+17882273361, 0.08
+17882271430, 0.08
+17882275885, 0.08
+17882272380, 0.08
+17882276473, 0.08
+17882276259, 0.08
+17882276608, 0.08
+17882279624, 0.08
+17882277350, 0.08
+17882273542, 0.08
+17882273630, 0.08
+17882271283, 0.08
+17882277254, 0.08
+17882275356, 0.08
+17882277520, 0.08
+17882275780, 0.08
+17882273373, 0.08
+17882276276, 0.08
+17882751454, 0.03
+17882751227, 0.03
+17882755426, 0.03
+17882754411, 0.03
+17882754610, 0.03
+17882756136, 0.03
+17882751597, 0.03
+17882759379, 0.03
+17882754352, 0.03
+17882755062, 0.03
+17882756065, 0.03
+17882754790, 0.03
+17882757583, 0.03
+17882754374, 0.03
+17882752021, 0.03
+17882756659, 0.03
+17882759623, 0.03
+17882759688, 0.03
+17882753862, 0.03
+17882757504, 0.03
+17887818735, 0.08
+17887818209, 0.08
+17887817268, 0.08
+17887815340, 0.08
+17887813890, 0.08
+17887811956, 0.08
+17887815023, 0.08
+17887814076, 0.08
+17887811294, 0.08
+17887813938, 0.08
+17887811222, 0.08
+17887813661, 0.08
+17887812147, 0.08
+17887818442, 0.08
+17887818758, 0.08
+17887814190, 0.08
+17887816454, 0.08
+17887811424, 0.08
+17887814734, 0.08
+17887819730, 0.08
+17883235361, 0.03
+17883233783, 0.03
+17883234898, 0.03
+17883231677, 0.03
+17883235576, 0.03
+17883237162, 0.03
+17883237262, 0.03
+17883232366, 0.03
+17883234151, 0.03
+17883233816, 0.03
+17883238279, 0.03
+17883238770, 0.03
+17883235947, 0.03
+17883236823, 0.03
+17883235780, 0.03
+17883234402, 0.03
+17883234916, 0.03
+17883235275, 0.03
+17883239145, 0.03
+17883235148, 0.03
+17885291131, 0.09
+17885292744, 0.09
+17885298155, 0.09
+17885292782, 0.09
+17885295022, 0.09
+17885299103, 0.09
+17885294890, 0.09
+17885292713, 0.09
+17885291111, 0.09
+17885294640, 0.09
+17885296512, 0.09
+17885291359, 0.09
+17885297986, 0.09
+17885299448, 0.09
+17885291894, 0.09
+17885296830, 0.09
+17885293260, 0.09
+17885293769, 0.09
+17885292705, 0.09
+17885293601, 0.09
+17887108677, 0.03
+17887106452, 0.03
+17887101273, 0.03
+17887109984, 0.03
+17887106565, 0.03
+17887107079, 0.03
+17887104957, 0.03
+17887104579, 0.03
+17887104194, 0.03
+17887107316, 0.03
+17887107833, 0.03
+17887105264, 0.03
+17887109468, 0.03
+17887101618, 0.03
+17887102872, 0.03
+17887101697, 0.03
+17887107880, 0.03
+17887106172, 0.03
+17887101227, 0.03
+17887103763, 0.03
+17887337321, 0.08
+17887331325, 0.08
+17887339980, 0.08
+17887335520, 0.08
+17887338161, 0.08
+17887336410, 0.08
+17887336088, 0.08
+17887335107, 0.08
+17887332034, 0.08
+17887335831, 0.08
+17887337168, 0.08
+17887336333, 0.08
+17887339492, 0.08
+17887339597, 0.08
+17887339614, 0.08
+17887337592, 0.08
+17887332525, 0.08
+17887332169, 0.08
+17887332049, 0.08
+17887332328, 0.08
+17886453705, 0.09
+17886456265, 0.09
+17886452410, 0.09
+17886451211, 0.09
+17886455420, 0.09
+17886453571, 0.09
+17886453163, 0.09
+17886458388, 0.09
+17886457329, 0.09
+17886455394, 0.09
+17886452652, 0.09
+17886454614, 0.09
+17886458953, 0.09
+17886459203, 0.09
+17886455303, 0.09
+17886452259, 0.09
+17886456833, 0.09
+17886453653, 0.09
+17886458065, 0.09
+17886452299, 0.09
+17886649655, 0.04
+17886641521, 0.04
+17886643011, 0.04
+17886641995, 0.04
+17886645840, 0.04
+17886649759, 0.04
+17886642260, 0.04
+17886648774, 0.04
+17886649298, 0.04
+17886649766, 0.04
+17886641347, 0.04
+17886645777, 0.04
+17886643760, 0.04
+17886642272, 0.04
+17886646424, 0.04
+17886641422, 0.04
+17886648944, 0.04
+17886646449, 0.04
+17886647913, 0.04
+17886644407, 0.04
+15622712067, 0.05
+15622719060, 0.05
+15622716850, 0.05
+15622715316, 0.05
+15622717906, 0.05
+15622715749, 0.05
+15622712433, 0.05
+15622718651, 0.05
+15622715359, 0.05
+15622717096, 0.05
+15622712061, 0.05
+15622719531, 0.05
+15622719870, 0.05
+15622719641, 0.05
+15622713409, 0.05
+15622712420, 0.05
+15622715929, 0.05
+15622719012, 0.05
+15622714422, 0.05
+15622718241, 0.05
+15622598110, 0.06
+15622594314, 0.06
+15622596142, 0.06
+15622598300, 0.06
+15622592099, 0.06
+15622593756, 0.06
+15622597874, 0.06
+15622598257, 0.06
+15622594363, 0.06
+15622595176, 0.06
+15622596976, 0.06
+15622594769, 0.06
+15622593611, 0.06
+15622593835, 0.06
+15622599516, 0.06
+15622595123, 0.06
+15622596236, 0.06
+15622594003, 0.06
+15622591780, 0.06
+15622594561, 0.06
+15627781349, 0.07
+15627783332, 0.07
+15627781417, 0.07
+15627785128, 0.07
+15627787911, 0.07
+15627781783, 0.07
+15627783192, 0.07
+15627786195, 0.07
+15627785651, 0.07
+15627782613, 0.07
+15627781664, 0.07
+15627786847, 0.07
+15627783905, 0.07
+15627785556, 0.07
+15627781480, 0.07
+15627786084, 0.07
+15627787806, 0.07
+15627784454, 0.07
+15627783764, 0.07
+15627788032, 0.07
+15626373528, 0.07
+15626376075, 0.07
+15626377649, 0.07
+15626376441, 0.07
+15626375242, 0.07
+15626376124, 0.07
+15626371997, 0.07
+15626379769, 0.07
+15626371347, 0.07
+15626374910, 0.07
+15626373434, 0.07
+15626376087, 0.07
+15626375201, 0.07
+15626374425, 0.07
+15626379316, 0.07
+15626375729, 0.07
+15626373969, 0.07
+15626378804, 0.07
+15626375786, 0.07
+15626377651, 0.07
+15629025401, 0.07
+15629026733, 0.07
+15629025579, 0.07
+15629024611, 0.07
+15629028961, 0.07
+15629027686, 0.07
+15629025906, 0.07
+15629027478, 0.07
+15629028983, 0.07
+15629021687, 0.07
+15629021943, 0.07
+15629023827, 0.07
+15629026440, 0.07
+15629021219, 0.07
+15629027948, 0.07
+15629028673, 0.07
+15629026294, 0.07
+15629029386, 0.07
+15629029815, 0.07
+15629024283, 0.07
+15624747515, 0.06
+15624749597, 0.06
+15624746323, 0.06
+15624746490, 0.06
+15624741223, 0.06
+15624746891, 0.06
+15624747836, 0.06
+15624746336, 0.06
+15624745853, 0.06
+15624746864, 0.06
+15624745458, 0.06
+15624746379, 0.06
+15624741242, 0.06
+15624742522, 0.06
+15624746636, 0.06
+15624741662, 0.06
+15624741555, 0.06
+15624741967, 0.06
+15624742335, 0.06
+15624744689, 0.06
+15628519926, 0.04
+15628514044, 0.04
+15628511476, 0.04
+15628517239, 0.04
+15628518410, 0.04
+15628511657, 0.04
+15628518421, 0.04
+15628511591, 0.04
+15628515011, 0.04
+15628518604, 0.04
+15628512892, 0.04
+15628517467, 0.04
+15628515690, 0.04
+15628518490, 0.04
+15628513650, 0.04
+15628512121, 0.04
+15628514590, 0.04
+15628519758, 0.04
+15628513247, 0.04
+15628512145, 0.04
+15625093666, 0.04
+15625095253, 0.04
+15625096611, 0.04
+15625095100, 0.04
+15625093411, 0.04
+15625095092, 0.04
+15625097405, 0.04
+15625096940, 0.04
+15625095664, 0.04
+15625093281, 0.04
+15625098065, 0.04
+15625092568, 0.04
+15625099002, 0.04
+15625094814, 0.04
+15625099203, 0.04
+15625097680, 0.04
+15625097056, 0.04
+15625092407, 0.04
+15625099813, 0.04
+15625097784, 0.04
+15624259739, 0.06
+15624259858, 0.06
+15624252727, 0.06
+15624253970, 0.06
+15624256391, 0.06
+15624254518, 0.06
+15624254606, 0.06
+15624257751, 0.06
+15624252252, 0.06
+15624258189, 0.06
+15624252337, 0.06
+15624258237, 0.06
+15624255538, 0.06
+15624256684, 0.06
+15624258340, 0.06
+15624256752, 0.06
+15624254390, 0.06
+15624255731, 0.06
+15624254521, 0.06
+15624259782, 0.06
+18016595503, 0.03
+18016592491, 0.03
+18016592975, 0.03
+18016592639, 0.03
+18016595929, 0.03
+18016598848, 0.03
+18016593342, 0.03
+18016592824, 0.03
+18016597463, 0.03
+18016597723, 0.03
+18016592273, 0.03
+18016599475, 0.03
+18016599054, 0.03
+18016594268, 0.03
+18016593473, 0.03
+18016598776, 0.03
+18016595918, 0.03
+18016597847, 0.03
+18016593586, 0.03
+18016597953, 0.03
+18015559170, 0.04
+18015558677, 0.04
+18015552242, 0.04
+18015552816, 0.04
+18015555998, 0.04
+18015552937, 0.04
+18015556311, 0.04
+18015559555, 0.04
+18015558603, 0.04
+18015551409, 0.04
+18015557446, 0.04
+18015559146, 0.04
+18015554239, 0.04
+18015558614, 0.04
+18015556557, 0.04
+18015557839, 0.04
+18015554965, 0.04
+18015556090, 0.04
+18015559668, 0.04
+18015556024, 0.04
+18012735170, 0.03
+18012736689, 0.03
+18012737695, 0.03
+18012738353, 0.03
+18012739150, 0.03
+18012732045, 0.03
+18012736197, 0.03
+18012737794, 0.03
+18012739206, 0.03
+18012736914, 0.03
+18012735288, 0.03
+18012736483, 0.03
+18012733109, 0.03
+18012736823, 0.03
+18012738105, 0.03
+18012736004, 0.03
+18012732270, 0.03
+18012738958, 0.03
+18012734688, 0.03
+18012731620, 0.03
+18014626400, 0.06
+18014629281, 0.06
+18014626979, 0.06
+18014625518, 0.06
+18014626065, 0.06
+18014625554, 0.06
+18014622864, 0.06
+18014627533, 0.06
+18014629054, 0.06
+18014628254, 0.06
+18014625475, 0.06
+18014625283, 0.06
+18014624403, 0.06
+18014622455, 0.06
+18014626318, 0.06
+18014627376, 0.06
+18014624560, 0.06
+18014627450, 0.06
+18014629355, 0.06
+18014628340, 0.06
+18019735949, 0.05
+18019736595, 0.05
+18019739396, 0.05
+18019736984, 0.05
+18019735206, 0.05
+18019733648, 0.05
+18019734748, 0.05
+18019735799, 0.05
+18019735301, 0.05
+18019736827, 0.05
+18019735418, 0.05
+18019733324, 0.05
+18019731719, 0.05
+18019733511, 0.05
+18019738113, 0.05
+18019738759, 0.05
+18019734848, 0.05
+18019737606, 0.05
+18019731523, 0.05
+18019733684, 0.05
+18013367567, 0.03
+18013362819, 0.03
+18013369746, 0.03
+18013363901, 0.03
+18013367338, 0.03
+18013364814, 0.03
+18013365148, 0.03
+18013367474, 0.03
+18013361239, 0.03
+18013369355, 0.03
+18013361944, 0.03
+18013364739, 0.03
+18013369446, 0.03
+18013361687, 0.03
+18013361378, 0.03
+18013367549, 0.03
+18013368956, 0.03
+18013368556, 0.03
+18013365952, 0.03
+18013365764, 0.03
+18019918922, 0.04
+18019917490, 0.04
+18019915006, 0.04
+18019917551, 0.04
+18019912957, 0.04
+18019919326, 0.04
+18019919487, 0.04
+18019911139, 0.04
+18019916080, 0.04
+18019913249, 0.04
+18019913280, 0.04
+18019915795, 0.04
+18019917861, 0.04
+18019914714, 0.04
+18019911393, 0.04
+18019915144, 0.04
+18019911777, 0.04
+18019913793, 0.04
+18019916625, 0.04
+18019917533, 0.04
+18017489344, 0.04
+18017488664, 0.04
+18017484272, 0.04
+18017485937, 0.04
+18017483599, 0.04
+18017486166, 0.04
+18017487423, 0.04
+18017487578, 0.04
+18017483623, 0.04
+18017487654, 0.04
+18017484285, 0.04
+18017486891, 0.04
+18017487577, 0.04
+18017486666, 0.04
+18017481456, 0.04
+18017487143, 0.04
+18017482766, 0.04
+18017487784, 0.04
+18017489830, 0.04
+18017488361, 0.04
+18012962083, 0.04
+18012961377, 0.04
+18012967645, 0.04
+18012966245, 0.04
+18012966601, 0.04
+18012963657, 0.04
+18012969919, 0.04
+18012967314, 0.04
+18012961271, 0.04
+18012967292, 0.04
+18012966713, 0.04
+18012968013, 0.04
+18012962945, 0.04
+18012962802, 0.04
+18012962145, 0.04
+18012963884, 0.04
+18012966571, 0.04
+18012961566, 0.04
+18012965294, 0.04
+18012969910, 0.04
+33484817081, 0
+33484818364, 0
+33484815161, 0
+33484819170, 0
+33484811772, 0
+33484817823, 0
+33484813601, 0
+33484814137, 0
+33484812499, 0
+33484818928, 0
+33484815058, 0
+33484814219, 0
+33484813351, 0
+33484813477, 0
+33484812047, 0
+33484812101, 0
+33484814271, 0
+33484811972, 0
+33484814595, 0
+33484815645, 0
+33484932401, 0
+33484936021, 0
+33484937729, 0
+33484933488, 0
+33484933683, 0
+33484931918, 0
+33484936632, 0
+33484935131, 0
+33484932967, 0
+33484932623, 0
+33484938330, 0
+33484937662, 0
+33484935254, 0
+33484934914, 0
+33484932439, 0
+33484931634, 0
+33484937970, 0
+33484932714, 0
+33484935071, 0
+33484938300, 0
+33484121597, 0
+33484126263, 0
+33484129314, 0
+33484125226, 0
+33484122101, 0
+33484128553, 0
+33484128707, 0
+33484121188, 0
+33484126527, 0
+33484126004, 0
+33484128530, 0
+33484128883, 0
+33484126815, 0
+33484125056, 0
+33484125346, 0
+33484121808, 0
+33484121367, 0
+33484129827, 0
+33484123746, 0
+33484123972, 0
+33484958367, 0
+33484951658, 0
+33484953706, 0
+33484954456, 0
+33484954149, 0
+33484959710, 0
+33484952358, 0
+33484958071, 0
+33484952131, 0
+33484959869, 0
+33484958789, 0
+33484955470, 0
+33484956486, 0
+33484958492, 0
+33484956297, 0
+33484955538, 0
+33484955221, 0
+33484951163, 0
+33484957913, 0
+33484955191, 0
+33484757949, 0
+33484754817, 0
+33484756558, 0
+33484758447, 0
+33484754575, 0
+33484755179, 0
+33484756761, 0
+33484756346, 0
+33484753344, 0
+33484754094, 0
+33484756290, 0
+33484757894, 0
+33484757956, 0
+33484753258, 0
+33484756043, 0
+33484756400, 0
+33484752119, 0
+33484756864, 0
+33484758215, 0
+33484752130, 0
+33484558683, 0
+33484552187, 0
+33484554208, 0
+33484558132, 0
+33484555440, 0
+33484555133, 0
+33484554664, 0
+33484551722, 0
+33484554385, 0
+33484556938, 0
+33484551292, 0
+33484556099, 0
+33484554407, 0
+33484551565, 0
+33484553908, 0
+33484553408, 0
+33484552038, 0
+33484553487, 0
+33484556820, 0
+33484556375, 0
+33484806525, 0
+33484808367, 0
+33484809985, 0
+33484805913, 0
+33484805545, 0
+33484802753, 0
+33484801578, 0
+33484808642, 0
+33484803521, 0
+33484801282, 0
+33484805162, 0
+33484807332, 0
+33484806095, 0
+33484804251, 0
+33484802436, 0
+33484804046, 0
+33484808583, 0
+33484801741, 0
+33484809197, 0
+33484801607, 0
+33484785590, 0
+33484785384, 0
+33484781927, 0
+33484782777, 0
+33484784636, 0
+33484786244, 0
+33484786308, 0
+33484788354, 0
+33484788540, 0
+33484787270, 0
+33484788324, 0
+33484786879, 0
+33484786398, 0
+33484781213, 0
+33484784819, 0
+33484781270, 0
+33484783001, 0
+33484789177, 0
+33484783318, 0
+33484782789, 0
+33484386010, 0
+33484389210, 0
+33484383168, 0
+33484385410, 0
+33484385082, 0
+33484385464, 0
+33484384189, 0
+33484385131, 0
+33484384461, 0
+33484384014, 0
+33484386036, 0
+33484385589, 0
+33484387405, 0
+33484385487, 0
+33484384731, 0
+33484381750, 0
+33484386169, 0
+33484385464, 0
+33484383352, 0
+33484386031, 0
+33146168622, 0
+33146164112, 0
+33146163084, 0
+33146163563, 0
+33146165576, 0
+33146166519, 0
+33146162510, 0
+33146167695, 0
+33146162535, 0
+33146161533, 0
+33146166922, 0
+33146161563, 0
+33146166078, 0
+33146166170, 0
+33146167654, 0
+33146166577, 0
+33146164741, 0
+33146165203, 0
+33146168349, 0
+33146169606, 0
+33146173429, 0
+33146176262, 0
+33146176449, 0
+33146176185, 0
+33146179251, 0
+33146179855, 0
+33146173697, 0
+33146175029, 0
+33146172109, 0
+33146172802, 0
