+12138881907
+12138882330
+12138544426
+12138543603
+12139298541
+12139294901
+12137206273
+12137203773
+12132237696
+12132239292
+12138536561
+12138537609
+12134453273
+12134456877
+12139335668
+12139338792
+12133875752
+12133879058
+18016281297
+18016283033
+18014173783
+18014176353
+18017469076
+18017461621
+18015349394
+18015341516
+18014735312
+18014739832
+18017211810
+18017214237
+18012572296
+18012572697
+18018562232
+18018564729
+18017154269
+18017155926
+17734491346
+17734493401
+17738308129
+17738309227
+17739299903
+17739299416
+17736463875
+17736462918
+17736669989
+17736666228
+17737875687
+17737878421
+17736945145
+17736943076
+17735832897
+17735833465
+17735866436
+17735864468
+19505233331
+19505233160
+19506682977
+19506686219
+19505817180
+19505816385
+19505922707
+19505926662
+19503846846
+19503843477
+19503034380
+19503036443
+19503716253
+19503716816
+19506557412
+19506556456
+19505321898
+19505329734
+14815932109
+14815931670
+14817944353
+14817941775
+14816129262
+14816122151
+14813748238
+14813744893
+14812036585
+14812032021
+14812777525
+14812777308
+14812491982
+14812493475
+14814246788
+14814246229
+14815535238
+14815535141
+14235244135
+14235247855
+14233293121
+14233292260
+14234823990
+14234824801
+14233136054
+14233135539
+14237514278
+14237515032
+14237988180
+14237987607
+14234504628
+14234505185
+14236847985
+14236848079
+14238283833
+14238283644
+16298708915
+16298705349
+16298727198
+16298722308
+16299988103
+16299985079
+16297125212
+16297127606
+16296117555
+16296113247
+16299938804
+16299935966
+16294199858
+16294196321
+16292386153
+16292387019
+16297157901
+16297152649
+19423504664
+19423505560
+19427348256
+19427346092
+19427018189
+19427012720
+19425203404
+19425206366
+19428272482
+19428271260
+19428979892
+19428973297
+19429694318
+19429694337
+19424825518
+19424827503
+19425897493
+19425893370
+19657748083
+19657747929
+19652725479
+19652723390
+19657065787
+19657068197
+19656881213
+19656885431
+19658463953
+19658462007
+19659221661
+19659226094
+19659037280
+19659034081
+19652869200
+19652865337
+19654448085
+19654443484
+15746582159
+15746584387
+15747067159
+15747067995
+15749816650
+15749813735
+15743292116
+15743291520
+15745934144
+15745932582
+15744439098
+15744433137
+15747169101
+15747164253
+15744778934
+15744772005
+15743792021
+15743793367
+18543944257
+18543944970
+18549061589
+18549066877
+18543813416
+18543814336
+18546244768
+18546247508
+18544319037
+18544312672
+18542438069
+18542433787
+18544044818
+18544047194
+18546555087
+18546553798
+18542069282
+18542063218
+19545237892
+19545231111
+19544843987
+19544847155
+19544269499
+19544267219
+19549487314
+19549487765
+19544632314
+19544633447
+19548782210
+19548782385
+19549273136
+19549273768
+19546276421
+19546277969
+19547577131
+19547574997
+19445563834
+19445563336
+19449263379
+19449268198
+19444507548
+19444509169
+19444792540
+19444794427
+19446133242
+19446139744
+19442627023
+19442629878
+19442248002
+19442242468
+19442172095
+19442175968
+19446853467
+19446855669
+17368827004
+17368822734
+17368358410
+17368354151
+17369215772
+17369212222
+17362204096
+17362208425
+17369276052
+17369277104
+17364794224
+17364794804
+17369634077
+17369632301
+17366866644
+17366869941
+17365757004
+17365753300
+16887224479
+16887226466
+16889524751
+16889522450
+16888382182
+16888388483
+16882599913
+16882597741
+16885728467
+16885721782
+16885782450
+16885784985
+16883305750
+16883305850
+16888559614
+16888559408
+16886711614
+16886712618
+33372183767
+33372188674
+33372754271
+33372751717
+33372455561
+33372453616
+33372992112
+33372997107
+33372295292
+33372297715
+33372978527
+33372979597
+33372597940
+33372594103
+33372189478
+33372185512
+33372803682
+33372803056
+33226742060
+33226742163
+33226222379
+33226227148
+33226182604
+33226184618
+33226984707
+33226984466
+33226821891
+33226825384
+33226908441
+33226901514
+33226907635
+33226903381
+33226697877
+33226697905
+33226935856
+33226936947
+33623974039
+33623977738
+33623876175
+33623875403
+33623109431
+33623105592
+33623918717
+33623918915
+33623514469
+33623517364
+33623361918
+33623365645
+33623928519
+33623927462
+33623967799
+33623966612
+33623845458
+33623849749
+33828326718
+33828327942
+33828765740
+33828765344
+33828214258
+33828215032
+33828637715
+33828632670
+33828583917
+33828588026
+33828732725
+33828731592
+33828323722
+33828323787
+33828179999
+33828177558
+33828142983
+33828147064
+33611657073
+33611656779
+33611842872
+33611841389
+33611781385
+33611785655
+33611915952
+33611912859
+33611384727
+33611381244
+33611238130
+33611233422
+33611347742
+33611343025
+33611469940
+33611461545
+33611715411
+33611712332
+347459318046
+347459311793
+347451837928
+347451832636
+347451116374
+347451112861
+347457445705
+347457441142
+347453542806
+347453541245
+347454592178
+347454595755
+347458418559
+347458414249
+347459464307
+347459462948
+347451003148
+347451004042
+346705823645
+346705824173
+346705525397
+346705521527
+346707515710
+346707514046
+346705762790
+346705762583
+346704921892
+346704921648
+346708946555
+346708945334
+346702378207
+346702371427
+346708791220
+346708792502
+346701878534
+346701873186
+346962765347
+346962765190
+346963618181
+346963617564
+346962299383
+346962299159
+346969194588
+346969194380
+346964938179
+346964932489
+346964712617
+346964714493
+346964939397
+346964938892
+346968774307
+346968775411
+346966181633
+346966188204
+348613593476
+348613594817
+348619673659
+348619675414
+348611992343
+348611997479
+348614943208
+348614947001
+348611345710
+348611348754
+348616926614
+348616929214
+348615047622
+348615045349
+348619708144
+348619709740
+348616839641
+348616835634
+347128409592
+347128401808
+347122883151
+347122888569
+347129918995
+347129915234
+347121544177
+347121546192
+347129966850
+347129962577
+347127369563
+347127363748
+347126756802
+347126756605
+347123215078
+347123215023
+347122267603
+347122266696
+4463699764007
+4463699761390
+4463621871414
+4463621872970
+4463666354314
+4463666351517
+4463642004743
+4463642005618
+4463647971611
+4463647973202
+4463692643577
+4463692648532
+4463652043678
+4463652046534
+4463645985653
+4463645987832
+4463653842507
+4463653847180
+4429149324559
+4429149327990
+4429154163291
+4429154161715
+4429192934356
+4429192938241
+4429121754281
+4429121754943
+4429123038021
+4429123036296
+4429132572723
+4429132571734
+4429167192884
+4429167194156
+4429192818940
+4429192816230
+4429199587967
+4429199589720
+4498430331295
+4498430337582
+4498468043959
+4498468044225
+4498488458080
+4498488451296
+4498420842719
+4498420842278
+4498467987650
+4498467985822
+4498467739080
+4498467737406
+4498466932714
+4498466933583
+4498460272371
+4498460274630
+4498466385034
+4498466384476
+4489122294714
+4489122292901
+4489122917910
+4489122916368
+4489134158508
+4489134159831
+4489146069309
+4489146069515
+4489147974452
+4489147978491
+4489123752491
+4489123751208
+4489192295218
+4489192297411
+4489188992686
+4489188996127
+4489139373744
+4489139371431
+4437344879634
+4437344878831
+4437359597681
+4437359595986
+4437399223362
+4437399225177
+4437377305467
+4437377306202
+4437334599301
+4437334592610
+4437395201530
+4437395203328
+4437358295347
+4437358291252
+4437366132760
+4437366135225
+4437394245583
+4437394248444
+49360872939543
+49360872932188
+49360862225578
+49360862225171
+49360869093299
+49360869098716
+49360816246208
+49360816244009
+49360874546693
+49360874544524
+49360832674210
+49360832673062
+49360891514169
+49360891512640
+49360888246624
+49360888245794
+49360855411410
+49360855413053
+49742859551406
+49742859551444
+49742854709972
+49742854702658
+49742897214648
+49742897211556
+49742857014892
+49742857016848
+49742856827208
+49742856822259
+49742815992350
+49742815997360
+49742814103347
+49742814102385
+49742838495131
+49742838496823
+49742882449737
+49742882448703
+49447853445990
+49447853444929
+4944782578214
+4944782577777
+49447842105998
+49447842108168
+49447858308367
+49447858305583
+49447880611201
+49447880617549
+49447856691426
+49447856699020
+49447823078787
+49447823077266
+49447899545575
+49447899548405
+49447868172776
+49447868177921
+496590999240
+496590996029
+496593191514
+496593193859
+496581467216
+496581469157
+496583768459
+496583765303
+496561666124
+496561662187
+496532681121
+496532688383
+496553885887
+496553883340
+49656276952
+49656273281
+496526121623
+496526121437
+49681160048192
+49681160043683
+49681162513508
+49681162519815
+4968112847761
+4968112845530
+49681130518681
+49681130516921
+49681140995334
+49681140997969
+4968114877881
+4968114878742
+4968113949654
+4968113949648
+49681143442795
+49681143448301
+49681155423964
+49681155421922
+616125705004
+616125701618
+616128935470
+616128932099
+616121602017
+616121605752
+616126071218
+616126078671
+616128808136
+616128807764
+616121458398
+616121459175
+616126352652
+616126359981
+616126582640
+616126586801
+616127648746
+616127647167
+616225837706
+616225838987
+616225845954
+616225841776
+616228023445
+616228023073
+616222085833
+616222085616
+616228786737
+616228787642
+616224791449
+616224799834
+616228449553
+616228444632
+616226875198
+616226873197
+616222575491
+616222576799
+616244597226
+616244591148
+616246453833
+616246451291
+616242669491
+616242664391
+616246629924
+616246621677
+616241771283
+616241775722
+616245931136
+616245934340
+616249701162
+616249703224
+616249933066
+616249938382
+616244447373
+616244447589
+615334131459
+615334138904
+615331562074
+615331562785
+615337537853
+615337535517
+615333134624
+615333132947
+615336661902
+615336661844
+615333547110
+615333547816
+615339404888
+615339406516
+615336642657
+615336642726
+615334116095
+615334113609
+617328426983
+617328424438
+617329736691
+617329732452
+617326093341
+617326097698
+617323862193
+617323862637
+617328977622
+617328979245
+617321072432
+617321072531
+617328671639
+617328674920
+617329543661
+617329546564
+617329958445
+617329955910
+649772683772
+649772682859
+649779322385
+649779325070
+649774828614
+649774822662
+649777296872
+649777293425
+649772078434
+649772078016
+649779504975
+649779502926
+649779084679
+649779088759
+649779342681
+649779343287
+649774997804
+649774994406
+649278044657
+649278043102
+649271186312
+649271184945
+649272502332
+649272507931
+649277477480
+649277478695
+649279119679
+649279114389
+649279267895
+649279262662
+649278317922
+649278318010
+649271497624
+649271493658
+649274863818
+649274862855
+646563036932
+646563036973
+646567365188
+646567368928
+646567115188
+646567117962
+646565591670
+646565599737
+646562578679
+646562578134
+646568025256
+646568026930
+646567389609
+646567384541
+646564394193
+646564392708
+646569848841
+646569842910
+646199929863
+646199928863
+646191819799
+646191816284
+646191745131
+646191746579
+646192156308
+646192152241
+646199353337
+646199356950
+646197535659
+646197531688
+646197352912
+646197352969
+646192628930
+646192622891
+646198679443
+646198673477
+644245159858
+644245152483
+644242396679
+644242397970
+644247486430
+644247488710
+644244263467
+644244266788
+644248941308
+644248949844
+644249506917
+644249501733
+644248136261
+644248134637
+644248273434
+644248273198
+644246324447
+644246323253
+81564716324
+81564718037
+81563856342
+81563851209
+81567642366
+81567649335
+81563694784
+81563695863
+81564137928
+81564134866
+81565958897
+81565957480
+81564358900
+81564357313
+81566734646
+81566737894
+81568909074
+81568908141
+81403015383
+81403015609
+81407314064
+81407313883
+81401811923
+81401811175
+81403193948
+81403198534
+81403861315
+81403865507
+81404671668
+81404675576
+81401704906
+81401709521
+81403631827
+81403635845
+81404257930
+81404258831
+81491462395
+81491467701
+81499053128
+81499059024
+81499876416
+81499873109
+81493406419
+81493403641
+81499893268
+81499892836
+81497052544
+81497055873
+81493324862
+81493322722
+81492909465
+81492903711
+81494588998
+81494583969
+81395247891
+81395249778
+81399597854
+81399597527
+81394113053
+81394111595
+81397489517
+81397488468
+81398237931
+81398237137
+81396465165
+81396462426
+81399399463
+81399395169
+81397929591
+81397926246
+81399483903
+81399489547
+81925762452
+81925763686
+81928935612
+81928931498
+81921264599
+81921268188
+81921776208
+81921775367
+81928692300
+81928698179
+81929225771
+81929222309
+81923703015
+81923705801
+81924154223
+81924157895
+81926889076
+81926889182
+823848368389
+823848368319
+823893708429
+823893704468
+823833313814
+823833315171
+823874117189
+823874115781
+823889692946
+823889699726
+823825639515
+823825639829
+823896941961
+823896943316
+823835907251
+823835903776
+823816376675
+823816375649
+822525736542
+822525731617
+822550528650
+822550528576
+822597434217
+822597432998
+822568975562
+822568971675
+822521411390
+822521418132
+822574449157
+822574442040
+822551274186
+822551274547
+822519707354
+822519705531
+822560644758
+822560641541
+822348471172
+822348476302
+822390915862
+822390914640
+822318266188
+822318268992
+822351305864
+822351303716
+822329055960
+822329055518
+822374233690
+822374234268
+822384825596
+822384824209
+822343934820
+822343939972
+822314525929
+822314525041
+822383132397
+822383133582
+822349224733
+822349227502
+822310946405
+822310942235
+822380977975
+822380973670
+822335403746
+822335408326
+822334887958
+822334885491
+822342281891
+822342281957
+822367564941
+822367567478
+822387458357
+822387452192
+825837298861
+825837294919
+825890991998
+825890995621
+825841719749
+825841717582
+825881421124
+825881424138
+825819095596
+825819094751
+825874918402
+825874919308
+825882907486
+825882904427
+825829869201
+825829865095
+825885161916
+825885168716
+8614298961866
+8614298965217
+8614280799709
+8614280797846
+8614294951225
+8614294957700
+8614278649247
+8614278648584
+8614261512206
+8614261519259
+8614238832097
+8614238837918
+8614214517239
+8614214516705
+8614283741520
+8614283746811
+8614293181855
+8614293185246
+8617970419619
+8617970415481
+8617932857695
+8617932859345
+8617938718539
+8617938717099
+8617952882313
+8617952889539
+8617966611943
+8617966619379
+8617986377384
+8617986377219
+8617934188662
+8617934184528
+8617919349301
+8617919342482
+8617970914336
+8617970918323
+8615410157432
+8615410153315
+8615426278991
+8615426277608
+8615459721448
+8615459726138
+8615429025244
+8615429028467
+8615423184301
+8615423186410
+8615443666233
+8615443665558
+8615412231524
+8615412239416
+8615447896399
+8615447893391
+8615468186154
+8615468189980
+8614259432904
+8614259436010
+8614280959386
+8614280953007
+8614259068059
+8614259064660
+8614224839802
+8614224838503
+8614258136211
+8614258133346
+8614245916468
+8614245918236
+8614270246385
+8614270249780
+8614225567665
+8614225561236
+8614270202819
+8614270209836
+8618854991786
+8618854997938
+8618878178052
+8618878179482
+8618855392388
+8618855397493
+8618822431423
+8618822431530
+8618830928642
+8618830928053
+8618821922019
+8618821925022
+8618844806156
+8618844808710
+8618874727473
+8618874728730
+8618862467000
+8618862468872
